000000002
000000011
000000020
000000022
000000101
000000110
000000111
000000122
000000200
000000202
000000212
000000220
000000221
000000222
000001001
000001010
000001011
000001020
000001022
000001100
000001101
000001110
000001111
000001112
000001121
000001202
000001211
000001220
000001221
000001222
000002000
000002002
000002010
000002012
000002020
000002021
000002022
000002102
000002111
000002120
000002122
000002200
000002201
000002202
000002210
000002212
000002220
000002221
000002222
000010001
000010002
000010010
000010011
000010021
000010022
000010100
000010101
000010110
000010111
000010112
000010121
000010201
000010202
000010211
000010212
000010220
000010222
000011000
000011001
000011010
000011011
000011012
000011021
000011022
000011100
000011101
000011102
000011110
000011111
000011112
000011120
000011121
000011201
000011210
000011211
000011221
000011222
000012001
000012002
000012011
000012012
000012020
000012022
000012101
000012110
000012111
000012122
000012200
000012202
000012211
000012212
000012220
000012221
000012222
000020000
000020001
000020002
000020012
000020020
000020021
000020022
000020102
000020111
000020120
000020121
000020122
000020200
000020201
000020202
000020210
000020212
000020220
000020221
000020222
000021002
000021011
000021020
000021021
000021022
000021101
000021110
000021111
000021112
000021122
000021200
000021202
000021212
000021220
000021221
000021222
000022000
000022001
000022002
000022010
000022011
000022012
000022020
000022021
000022022
000022100
000022102
000022112
000022120
000022121
000022122
000022200
000022201
000022202
000022210
000022211
000022212
000022220
000022221
000022222
000100001
000100010
000100011
000100022
000100100
000100101
000100102
000100110
000100111
000100112
000100120
000100121
000100200
000100202
000100211
000100212
000100220
000100221
000100222
000101000
000101001
000101010
000101011
000101012
000101021
000101100
000101101
000101102
000101110
000101111
000101112
000101120
000101121
000101201
000101210
000101211
000101220
000101222
000102001
000102002
000102011
000102020
000102022
000102100
000102101
000102110
000102111
000102121
000102122
000102200
000102202
000102210
000102212
000102220
000102221
000102222
000110000
000110001
000110010
000110011
000110012
000110021
000110100
000110101
000110102
000110110
000110111
000110112
000110120
000110121
000110201
000110202
000110210
000110211
000110221
000110222
000111000
000111001
000111002
000111010
000111011
000111012
000111020
000111021
000111100
000111101
000111102
000111110
000111111
000111112
000111120
000111121
000111122
000111200
000111201
000111210
000111211
000111212
000111221
000111222
000112001
000112002
000112010
000112011
000112021
000112022
000112100
000112101
000112110
000112111
000112112
000112121
000112201
000112202
000112211
000112212
000112220
000112222
000120002
000120011
000120020
000120022
000120100
000120101
000120110
000120111
000120112
000120122
000120200
000120201
000120202
000120212
000120220
000120221
000120222
000121001
000121010
000121011
000121012
000121022
000121100
000121101
000121102
000121110
000121111
000121112
000121121
000121200
000121202
000121211
000121220
000121221
000121222
000122000
000122002
000122012
000122020
000122021
000122022
000122102
000122111
000122120
000122122
000122200
000122201
000122202
000122210
000122212
000122220
000122221
000122222
000200000
000200002
000200012
000200020
000200021
000200022
000200100
000200102
000200111
000200112
000200120
000200121
000200122
000200200
000200201
000200202
000200210
000200212
000200220
000200221
000200222
000201002
000201011
000201020
000201022
000201101
000201110
000201111
000201120
000201122
000201200
000201202
000201211
000201212
000201220
000201221
000201222
000202000
000202001
000202002
000202010
000202012
000202020
000202021
000202022
000202100
000202102
000202110
000202112
000202120
000202121
000202122
000202200
000202201
000202202
000202210
000202211
000202212
000202220
000202221
000202222
000210001
000210002
000210011
000210012
000210020
000210022
000210101
000210102
000210110
000210111
000210121
000210122
000210200
000210202
000210211
000210212
000210220
000210221
000210222
000211001
000211002
000211010
000211011
000211021
000211022
000211100
000211101
000211110
000211111
000211112
000211121
000211201
000211202
000211210
000211211
000211220
000211222
000212000
000212002
000212011
000212012
000212020
000212021
000212022
000212100
000212101
000212102
000212111
000212112
000212120
000212122
000212200
000212201
000212202
000212210
000212212
000212220
000212221
000212222
000220000
000220001
000220002
000220010
000220012
000220020
000220021
000220022
000220100
000220101
000220102
000220112
000220120
000220121
000220122
000220200
000220201
000220202
000220210
000220211
000220212
000220220
000220221
000220222
000221000
000221002
000221012
000221020
000221021
000221022
000221100
000221102
000221111
000221120
000221121
000221122
000221200
000221201
000221202
000221210
000221212
000221220
000221221
000221222
000222000
000222001
000222002
000222010
000222011
000222012
000222020
000222021
000222022
000222100
000222101
000222102
000222110
000222111
000222112
000222120
000222121
000222122
000222200
000222201
000222202
000222210
000222211
000222212
000222220
000222221
000222222
001000001
001000010
001000011
001000022
001000100
001000101
001000110
001000111
001000112
001000121
001000202
001000210
001000211
001000220
001000222
001001000
001001001
001001010
001001011
001001012
001001021
001001100
001001101
001001102
001001110
001001111
001001112
001001120
001001121
001001201
001001210
001001211
001001212
001001222
001002002
001002011
001002020
001002022
001002101
001002110
001002111
001002122
001002200
001002202
001002212
001002220
001002221
001002222
001010000
001010001
001010010
001010011
001010012
001010021
001010022
001010100
001010101
001010102
001010110
001010111
001010112
001010120
001010121
001010200
001010201
001010202
001010210
001010211
001010221
001010222
001011000
001011001
001011002
001011010
001011011
001011012
001011020
001011021
001011100
001011101
001011102
001011110
001011111
001011112
001011120
001011121
001011122
001011200
001011201
001011210
001011211
001011212
001011221
001012001
001012010
001012011
001012022
001012100
001012101
001012110
001012111
001012112
001012121
001012201
001012202
001012211
001012212
001012220
001012222
001020002
001020011
001020020
001020022
001020101
001020110
001020111
001020112
001020122
001020200
001020202
001020212
001020220
001020221
001020222
001021001
001021010
001021011
001021012
001021022
001021100
001021101
001021102
001021110
001021111
001021112
001021121
001021202
001021211
001021220
001021222
001022000
001022001
001022002
001022012
001022020
001022021
001022022
001022102
001022111
001022120
001022121
001022122
001022200
001022201
001022202
001022210
001022212
001022220
001022221
001022222
001100000
001100001
001100010
001100011
001100012
001100021
001100100
001100101
001100102
001100110
001100111
001100112
001100120
001100121
001100201
001100210
001100211
001100221
001100222
001101000
001101001
001101002
001101010
001101011
001101012
001101020
001101021
001101100
001101101
001101102
001101110
001101111
001101112
001101120
001101121
001101122
001101200
001101201
001101210
001101211
001101212
001101221
001102001
001102010
001102011
001102012
001102022
001102100
001102101
001102110
001102111
001102112
001102121
001102201
001102202
001102211
001102212
001102220
001102222
001110000
001110001
001110002
001110010
001110011
001110012
001110020
001110021
001110100
001110101
001110102
001110110
001110111
001110112
001110120
001110121
001110122
001110200
001110201
001110210
001110211
001110212
001110221
001111000
001111001
001111002
001111010
001111011
001111012
001111020
001111021
001111022
001111100
001111101
001111102
001111110
001111111
001111112
001111120
001111121
001111122
001111200
001111201
001111202
001111210
001111211
001111212
001111220
001111221
001111222
001112000
001112001
001112010
001112011
001112012
001112021
001112022
001112100
001112101
001112102
001112110
001112111
001112112
001112120
001112121
001112201
001112202
001112210
001112211
001112221
001112222
001120000
001120001
001120010
001120011
001120012
001120022
001120100
001120101
001120102
001120110
001120111
001120112
001120121
001120202
001120211
001120220
001120221
001120222
001121000
001121001
001121002
001121010
001121011
001121012
001121021
001121100
001121101
001121102
001121110
001121111
001121112
001121120
001121121
001121201
001121210
001121211
001121212
001121220
001121222
001122002
001122010
001122011
001122020
001122022
001122100
001122101
001122110
001122111
001122112
001122122
001122200
001122202
001122212
001122220
001122221
001122222
001200002
001200011
001200020
001200022
001200101
001200110
001200111
001200122
001200200
001200202
001200211
001200212
001200220
001200221
001200222
001201001
001201010
001201011
001201012
001201022
001201100
001201101
001201110
001201111
001201112
001201121
001201202
001201210
001201211
001201220
001201222
001202000
001202002
001202012
001202020
001202021
001202022
001202102
001202111
001202120
001202121
001202122
001202200
001202201
001202202
001202210
001202212
001202220
001202221
001202222
001210001
001210010
001210011
001210022
001210100
001210101
001210110
001210111
001210112
001210121
001210201
001210202
001210210
001210211
001210220
001210222
001211000
001211001
001211010
001211011
001211012
001211021
001211100
001211101
001211102
001211110
001211111
001211112
001211120
001211121
001211200
001211201
001211210
001211211
001211212
001211222
001212001
001212002
001212011
001212012
001212020
001212022
001212101
001212110
001212111
001212122
001212200
001212202
001212211
001212212
001212220
001212221
001212222
001220000
001220002
001220012
001220020
001220021
001220022
001220102
001220111
001220120
001220121
001220122
001220200
001220201
001220202
001220210
001220212
001220220
001220221
001220222
001221002
001221011
001221020
001221022
001221101
001221110
