000000000
000001200
000002100
000002112
000010012
000010020
000010122
000010210
000010221
000011220
000012010
000012021
000012102
000012120
000020010
000020112
000020211
000021012
000021121
000021201
000021210
000022110
000022111
000100002
000101202
000102000
000102012
000102102
000102120
000110022
000111022
000111202
000111220
000112020
000112122
000112210
000112221
000120012
000120102
000120121
000120210
000121021
000121120
000121212
000122010
000122100
000122112
000122211
000200001
000200211
000201000
000201021
000201201
000201210
000202101
000202111
000210010
000210021
000210120
000210201
000211012
000211020
000211122
000211221
000212121
000220011
000220111
000221001
000221010
000221112
000221211
001001202
001001221
001010122
001010212
001010220
001011222
001012102
001012120
001012122
001012210
001012221
001020121
001021120
001021201
001021221
001022010
001022100
001022112
001022211
001101222
001102122
001102210
001102221
001110222
001112122
001112212
001112220
001120021
001120120
001121020
001121022
001121122
001121202
001122001
001122012
001122102
001122121
001122211
001201021
001201120
001201122
001201201
001201221
001202001
001202100
001202112
001202211
001210020
001210102
001210120
001210122
001210221
001211022
001211122
001211202
001211220
001211221
001212021
001212100
001212102
001212112
001212120
001212121
001212201
001220001
001220112
001220211
001221001
001221021
001221201
001221210
001221211
001222011
001222101
001222110
002002111
002010010
002010120
002011012
002011212
002011221
002012011
002012211
002020110
002020111
002021100
002021112
002021211
002022111
002100012
002101002
002101122
002101200
002101212
002102112
002102211
002110002
002110020
002110122
002110201
002110210
002110221
002111002
002111020
002111022
002111122
002111200
002111202
002111212
002111220
002111221
002112102
002112112
002112120
002112121
002112201
002112211
002120010
002120112
002120211
002121001
002121012
002121102
002121121
002121201
002121210
002121211
002122101
002122110
002122111
002200101
002200111
002201001
002201121
002201211
002202111
002210110
002210121
002211010
002211021
002211100
002211112
002211120
002211201
002212011
002212101
002212111
002220111
002221011
002221101
002221110
002221111
100010022
100010212
100010221
100011222
100012020
100012021
100012122
100012201
100012221
100020121
100021021
100021120
100022100
100022112
100022211
100100122
100100202
100101222
100102021
100102102
100102120
100102122
100102221
100110222
100112022
100112122
100112202
100112220
100112221
100120021
100120102
100120122
100121020
100121202
100121220
100121221
100122012
100122100
100122102
100122112
100122120
100201012
100201122
100201221
100202001
100202100
100202112
100202211
100210012
100210021
100210122
100210201
100210221
100211022
100211212
100211221
100212001
100212021
100212102
100212120
100212121
100212201
100212211
100220001
100220010
100220112
100220211
100221100
100221112
100221121
100221201
100221210
100222011
100222101
100222110
101000002
101000020
101000122
101000200
101000212
101000221
101002000
101002122
101002210
101002221
101011222
101012122
101012212
101012221
101020000
101020012
101020021
101020102
101020120
101020201
101020210
101021002
101021020
101021122
101021200
101021212
101022121
101101222
101102020
101102122
101102200
101102212
101102221
101110222
101120002
101120020
101120200
101120212
101120221
101121022
101121220
101122000
101122002
101122012
101122021
101122102
101122201
101122210
101122212
101122221
101200000
101200012
101200122
101200221
101201002
101201020
101201122
101201212
101201221
101210122
101210212
101210221
101212020
101212021
101212102
101212120
101212201
101220121
101221000
101221012
101221102
101221120
101221122
101221200
101221201
101221210
101221212
101222011
101222101
101222110
102000000
102000012
102000201
102001002
102001020
102001200
102001212
102002001
102002010
102002100
102002112
102002121
102002211
102010020
102010021
102010122
102010200
102010201
102010221
102011022
102011122
102011202
102011212
102011220
102011221
102012001
102012021
102012102
102012112
102012120
102012121
102012201
102012211
102020001
102020010
102020100
102020112
102020211
102021012
102021102
102021121
102021201
102021210
102021211
102022011
102022101
102022110
102022111
102100002
102100020
102100102
102100120
102100122
102100200
102100212
102101022
102101122
102101202
102101220
102102012
102102021
102102100
102102120
102102121
102102201
102102210
102110022
102110122
102110202
102110220
102110221
102111022
102111202
102111220
102112002
102112012
102112020
102112021
102112120
102112200
102112201
102112221
102120012
102120100
102120102
102120112
102120120
102120201
102120210
102120211
102121002
102121021
102121102
102121122
102121200
102121201
102121210
102121212
102121221
102122010
102122100
102122101
102122110
102122121
102122211
102200001
102200010
102200100
102200112
102200121
102200211
102201000
102201021
102201102
102201112
102201120
102201201
102201210
102202011
102202101
102202110
102202111
102210001
102210021
102210102
102210120
102210121
102210201
102210210
102210211
102211012
102211020
102211021
102211102
102211122
102211200
102211201
102211210
102211212
102211221
102212001
102212011
102212101
102212121
102220011
102220101
102220110
102220111
102221001
102221010
102221100
102221112
102221121
102221211
200001210
200002101
200002111
200010010
200010021
200011012
200011020
200011102
200011122
200011200
200011221
200012011
200012121
200020011
200020111
200021010
200021112
200021211
200022111
200101002
200101200
200101212
200101221
200102100
200102112
200102121
200110122
200110210
200110212
200111002
200111020
200111022
200111122
200111200
200111202
200111212
200111220
200111221
200112001
200112010
200112021
200112102
200112120
200112211
200120001
200120112
200120211
200121012
200121100
200121102
200121112
200121121
200121201
200121210
200122011
200122101
200122110
200122111
200200111
200201112
200201211
200202111
200210110
200210112
200211021
200211102
200211112
200211121
200211201
200211211
200212101
200212110
200212111
200220111
200221011
200221101
200221111
201000000
201000102
201000210
201001002
201001020
201001021
201001200
201001201
201001212
201001221
201002001
201002010
201002100
201002112
201002121
201002211
201010002
201010020
201010102
201010120
201010122
201010221
201011022
201011122
201011202
201011220
201011221
201012012
201012021
201012100
201012102
201012112
201012120
201012121
201012201
201020001
201020010
201020100
201020112
201020211
201021001
201021012
201021021
201021102
201021112
201021201
201021210
201021211
201022011
201022101
201022110
201022111
201100002
201100020
201100200
201100212
201101022
201101202
201101220
201101221
201102000
201102012
201102021
201102102
201102120
201102201
201102211
201110022
201110122
201110202
201110212
201110220
201110221
201111022
201111202
201111220
201112002
201112012
201112020
201112102
201112120
201112122
201112201
201112210
201112212
201112221
201120012
201120102
201120112
201120121
201120201
201120210
201121002
201121012
201121102
201121120
201121122
201121200
201121201
201121212
201121221
201122001
201122010
201122100
201122112
201122121
201122211
201200001
201200010
201200100
201200112
201200121
201200211
201201001
201201012
201201021
201201102
201201120
201201121
201201210
201202011
201202101
201202110
201202111
201210021
201210100
201210102
201210112
201210120
201210121
201210201
201210211
201211002
201211020
201211021
201211102
201211120
201211122
201211200
201211210
201212100
201212101
201212110
201212121
201220011
201220101
201220110
201220111
201221001
201221010
201221011
201221101
201221112
201221121
202001011
202001101
202001110
202001211
202002111
202010011
202010101
202010110
202011001
202011010
202011100
202011112
202011121
202011211
202020111
202100011
202100101
202100110
202100112
202101001
202101010
202101100
202101112
202101121
202101211
202110001
202110010
202110100
202110112
202110121
202110211
202111002
202111020
202111122
202111200
202111221
202112011
202112101
202112110
202112121
202112211
202121010
202121011
202121101
202121110
202121112
202121121
202121211
202122111
202200111
202211011
202211101
202211110
202211112
202211121
202221111