000001002
000001021
000001122
000001201
000001212
000002001
000002121
000002211
000010102
000010120
000010200
000011122
000011202
000012100
000012112
000012121
000012201
000012210
000020100
000021001
000021102
000021211
000022101
000100020
000100122
000101022
000102021
000102112
000110122
000110220
000112012
000112102
000112120
000112200
000120120
000120211
000121002
000121020
000121122
000121201
000121210
000122001
000122121
000200010
000201001
000201012
000201100
000201121
000202011
000210100
000210112
000210210
000211102
000211120
000211200
000211212
000212001
000212010
000212110
000212211
000220110
010000120
010001020
010001022
010002112
010010122
010010202
010010212
010010220
010011222
010012102
010012120
010012210
010012212
010012221
010020001
010020010
010020211
010021000
010021021
010021122
010021201
010021210
010022100
010022112
010022121
010100022
010100221
010101222
010102012
010102102
010102221
010110222
010112002
010112122
010112220
010120012
010120021
010120122
010120201
010120210
010121022
010121200
010121202
010121212
010121221
010122010
010122021
010122112
010122120
010122211
010201000
010201021
010201120
010201212
010202001
010202010
010202121
010202211
010210012
010210102
010210120
010210210
010210212
010210221
010211122
010211202
010211212
010211220
010212010
010212012
010212021
010212100
010212121
010212201
010212210
010212211
010220010
010220112
010220211
010221001
010221121
010221211
010222011
010222101
010222110
020001001
020001211
020002011
020002101
020002111
020010010
020010100
020010112
020010121
020010210
020011102
020011120
020011212
020011221
020012101
020012110
020012211
020020101
020020110
020020111
020021011
020021100
020021112
020022111
020100012
020100211
020101002
020101020
020101122
020101201
020101212
020102001
020102110
020102121
020102211
020110020
020110102
020110120
020110122
020110200
020110212
020110221
020111002
020111020
020111022
020111122
020111200
020111202
020111212
020111220
020111221
020112010
020112100
020112112
020112121
020112201
020112210
020120112
020120121
020121001
020121010
020121012
020121102
020121120
020121121
020121211
020122101
020122110
020122111
020200111
020202111
020210110
020210211
020211100
020211112
020211210
020212011
020212101
020212111
020220111
020221011
020221110
020221111
100000012
100001122
100002112
100010002
100010122
100010202
100010220
100012012
100012102
100020001
100020211
100021000
100021122
100021201
100021210
100022121
100100022
100100212
100102012
100102210
100112002
100112212
100120201
100120210
100121022
100121200
100121212
100122021
100122211
100200112
100201102
100201210
100202121
100210102
100210212
100211122
100211202
100211220
100212112
100212210
100220121
100221001
100221010
100221211
110000002
110000020
110000122
110000200
110000212
110002000
110002012
110002102
110002210
110002221
110011222
110012002
110012122
110012221
110020000
110020012
110020021
110020102
110020122
110020201
110020210
110021002
110021020
110021122
110021200
110021212
110021221
110022010
110022112
110022211
110100202
110101222
110102002
110102200
110102212
110102221
110110222
110112022
110112202
110120002
110120122
110120200
110120212
110120221
110121202
110121220
110122000
110122012
110122020
110122021
110122120
110122201
110122210
110122212
110122221
110200000
110200012
110200102
110200120
110200212
110201002
110201020
110201122
110201212
110202112
110210122
110210212
110210221
110212021
110212102
110212200
110212201
110212210
110220211
110221000
110221012
110221021
110221102
110221120
110221122
110221201
110221210
110221212
110222011
110222101
110222110
120000000
120000021
120001002
120001020
120001122
120001212
120002001
120002010
120002100
120002121
120002211
120010012
120010020
120010021
120010102
120010120
120010200
120010201
120010212
120010221
120011022
120011122
120011202
120011220
120011221
120012001
120012021
120012100
120012112
120012120
120012121
120012201
120012210
120012211
120020010
120020100
120020112
120020121
120021012
120021102
120021120
120021121
120021211
120022011
120022101
120022110
120022111
120100002
120100020
120100102
120100120
120100122
120100200
120100212
120101022
120101122
120101202
120101220
120102000
120102021
120102100
120102102
120102120
120102121
120102201
120102210
120110022
120110122
120110202
120110220
120110221
120111022
120111202
120111220
120112012
120112020
120112021
120112120
120112200
120112201
120112212
120112221
120120012
120120021
120120100
120120102
120120112
120120211
120121002
120121020
120121021
120121102
120121201
120121210
120121212
120122001
120122011
120122100
120122101
120122110
120122112
120122211
120200001
120200010
120200100
120200121
120200211
120201012
120201112
120201120
120201201
120201210
120201211
120202011
120202101
120202110
120202111
120210001
120210021
120210100
120210112
120210120
120210121
120210201
120210210
120210211
120211012
120211020
120211021
120211102
120211120
120211122
120211200
120211201
120211212
120212001
120212011
120212101
120212110
120212112
120212211
120220011
120220101
120220110
120220111
120221010
120221011
120221100
120221112
120221211
200001001
200001121
200001211
200002011
200010001
200010100
200010112
200010121
200010201
200011002
200011120
200011212
200012101
200012110
200012211
200020110
200100001
200100112
200100121
200100211
200101021
200101122
200101201
200102010
200102211
200110012
200110102
200110120
200110221
200112100
200112112
200112121
200112201
200121001
200121120
200121211
200200011
200200110
200201010
200201101
200210101
200211012
200211100
200212011
200221110
210000000
210000012
210000121
210001002
210001021
210001122
210001212
210002001
210002010
210002211
210010002
210010012
210010102
210010120
210010122
210010200
210010210
210010212
210010221
210011022
210011122
210011202
210011212
210011220
210012010
210012012
210012100
210012121
210012201
210012210
210012211
210020010
210020100
210020112
210021001
210021012
210021102
210021112
210021121
210021210
210021211
210022011
210022101
210022110
210022111
210100002
210100020
210100122
210100200
210100221
210101022
210101202
210101220
210101221
210102021
210102112
210102121
210102201
210102210
210110002
210110022
210110122
210110202
210110212
210110220
210111022
210111202
210111220
210112021
210112102
210112120
210112122
210112200
210112210
210112212
210112221
210120001
210120012
210120102
210120112
210120120
210120121
210120211
210121002
210121012
210121021
210121102
210121122
210121201
210121210
210121212
210121221
210122001
210122010
210122100
210122112
210122121
210122211
210200010
210200100
210200101
210200112
210200211
210201000
210201012
210201102
210201121
210201210
210201211
210202011
210202101
210202110
210202111
210210010
210210012
210210100
210210102
210210112
210210121
210210201
210211002
210211012
210211102
210211120
210211122
210211200
210211201
210212001
210212010
210212011
210212101
210212110
210212121
210220011
210220101
210220110
210220111
210221010
210221100
210221101
210221112
210221121
220001011
220001101
220001110
220002111
220010011
220010101
220010110
220011001
220011010
220011100
220011112
220011121
220011211
220020111
220100011
220100101
220100110
220101001
220101010
220101100
220101112
220101121
220101211
220110001
220110010
220110100
220110112
220110121
220110211
220111002
220111020
220111200
220111212
220112011
220112101
220112110
220112112
220112121
220112211
220121011
220121100
220121101
220121110
220121112
220121211
220122111
220200111
220211011
220211101
220211110
220211112