000011002
000011020
000011200
000011212
000012000
000021000
000021120
001000020
001001022
001012002
001012020
001012200
001020120
001020210
001021002
001021020
001021122
001021200
001021212
001022011
001022101
001022110
002000010
002000112
002011000
002011102
002011120
002012001
002012010
002012100
002012121
002021001
002021010
010000002
010000020
010000212
010001202
010012002
010012020
010012200
010020121
010021002
010021020
010021200
010021212
010022011
010022101
011000022
011001222
011002020
011002122
011002212
011010222
011011222
011012022
011012122
011012202
011012212
011012220
011012221
011020002
011020020
011020122
011020212
011020221
011021022
011021202
011021220
011021221
011022001
011022010
011022100
011022112
011022121
011022211
012000012
012000210
012001120
012001212
012001221
012002112
012002121
012010012
012010201
012010210
012010212
012010221
012011020
012011122
012011200
012011212
012011221
012012010
012012021
012012102
012012120
012012201
012012210
012012211
012020112
012020211
012021000
012021012
012021021
012021121
012021201
012021210
012021211
020000001
020000010
020000121
020000211
020011000
020011012
020011210
020012001
020012010
020012100
020012121
020021001
020021010
021000021
021000120
021000201
021001021
021001122
021001201
021001221
021002110
021002112
021002211
021010102
021010120
021010122
021010210
021010221
021011122
021011200
021011212
021011221
021012000
021012012
021012021
021012100
021012102
021012112
021012120
021012121
021012201
021012210
021020121
021020211
021021001
021021012
021021102
021021120
021021201
021021210
021021211
022000011
022000111
022001001
022001010
022001121
022001211
022002111
022010001
022010112
022010121
022010211
022012011
022012101
022012110
022012111
022020111
022021011
022021101
022021110
022021111
100000102
100000120
100000200
100000212
100000221
100001202
100001220
100002100
100002210
100012002
100012200
100012212
100020100
100020112
100021102
100021200
100021212
100021221
100022011
100022101
100022110
101000220
101002102
101012022
101012202
101012220
101020200
101020221
101021022
101021202
101021220
101022001
101022010
101022100
101022112
101022211
102000100
102000210
102001102
102001120
102001221
102002101
102010212
102011002
102012210
102021021
102021100
102021112
110000202
110002021
110002120
110002200
110002212
110012022
110012202
110012220
110020120
110021022
110021202
110021220
110022001
110022100
110022121
111000022
111000202
111000220
111002002
111002020
111002022
111002122
111002200
111002202
111002212
111002220
111002221
111012022
111012202
111012220
111020002
111020020
111020022
111020122
111020200
111020202
111020212
111020220
111020221
111021022
111021202
111021220
111022002
111022020
111022200
111022212
111022221
112000002
112000120
112000200
112000212
112000221
112001122
112001202
112001220
112002012
112002021
112002112
112002121
112002210
112010022
112010202
112010212
112010220
112010221
112012002
112012020
112012021
112012102
112012200
112012201
112012210
112012221
112020012
112020100
112020121
112020201
112020210
112020211
112021102
112021120
112021122
112021200
112021201
112021210
112021212
112021221
112022010
112022011
112022101
112022110
112022121
112022211
120000100
120000112
120000201
120000210
120001012
120001102
120001200
120001221
120002110
120011002
120011212
120012012
120020001
120020110
120020211
120021000
120021112
120021201
120021210
121000020
121000200
121000212
121000221
121001022
121001202
121001212
121001220
121001221
121002012
121002102
121002112
121002201
121002210
121010022
121010122
121010202
121010212
121010221
121012002
121012020
121012021
121012102
121012120
121012200
121012201
121012212
121012221
121020010
121020021
121020112
121020121
121020201
121020210
121021002
121021012
121021020
121021120
121021200
121021201
121021212
121022011
121022101
121022110
121022112
121022211
122000211
122001021
122001112
122001201
122001210
122002011
122002101
122002111
122010001
122010021
122010121
122010201
122010210
122010211
122011012
122011021
122011102
122011200
122011201
122011210
122011212
122012001
122012011
122012101
122012211
122020011
122020110
122020111
122021001
122021010
122021110
122021112
122021211
200000100
200000112
200000121
200001120
200002110
200010211
200011000
200011021
200011201
200011210
200012001
200012010
200012100
200012112
200020101
200021001
200021100
200021121
201000021
201000120
201000211
201001122
201001210
201010201
201010210
201011200
201011212
201012211
201020121
201021120
202000110
202001010
202001100
202001112
202010112
202012011
202012101
202012110
202021011
202021101
202021110
210000102
210000120
210000211
210001201
210001210
210002100
210002112
210002121
210010201
210011020
210011200
210011221
210012021
210012102
210020001
210020121
210021120
211000020
211000122
211000201
211000210
211001022
211001200
211001202
211001212
211002021
211002120
211002211
211010022
211010122
211010200
211010221
211011202
211011220
211012002
211012012
211012020
211012102
211012120
211012122
211012201
211012212
211012221
211020010
211020012
211020021
211020102
211020112
211020120
211020211
211021002
211021012
211021020
211021021
211021102
211021122
211021210
211021212
211021221
211022011
211022101
211022110
211022112
211022121
211022211
212000010
212000100
212000112
212000121
212001012
212001102
212001121
212001211
212002011
212002110
212002111
212010010
212010012
212010102
212010112
212010121
212010210
212011000
212011002
212011012
212011021
212011102
212011120
212011122
212011201
212011221
212012010
212012011
212012100
212012101
212012110
212012121
212012211
212020011
212020101
212020110
212020111
212021001
212021010
212021100
212021112
212021121
212021211
212022111
220000101
220001100
220001112
220001121
220012011
220012101
220012110
220021011
220021101
220021110
221000100
221000112
221000121
221001001
221001012
221001021
221001102
221001120
221001121
221001201
221002101
221002110
221002111
221010012
221010021
221010100
221010102
221010112
221010120
221010121
221010211
221011000
221011002
221011012
221011020
221011021
221011102
221011120
221011210
221011212
221012011
221012100
221012101
221012110
221012112
221012121
221012211
221020011
221020101
221020111
221021001
221021011
221021100
221021101
221021112
221021211
221022111
222001011
222001101
222001110
222010011
222010101
222010110
222011011
222011101
222011110