000000001
000000010
000000100
000000112
000000121
000000211
000001000
000001012
000001102
000001120
000001210
000100000
000100012
000100021
000100201
000100210
000101002
000101020
000101122
000101200
000101212
000101221
000102211
000201112
001000000
001000012
001000102
001000120
001000200
001000221
001001002
001001122
001001220
001002001
001002010
001002100
001002112
001002121
001002211
001100002
001100020
001100122
001100212
001100220
001101022
001102002
001102021
001102102
001102120
001102200
001200010
001200100
001200112
001200121
001200210
001201020
001201102
001201200
001201212
001202011
001202101
001202110
002000100
002001001
002001010
002002101
002002110
002100001
002100010
002100211
002101000
002101012
002101021
002101120
002101201
002101210
002102001
002102011
002102100
002102121
002201100
010000000
010000012
010000102
010000122
010000201
010000210
010000221
010001002
010001200
010001212
010001221
010002001
010002010
010002100
010002121
010002211
010100002
010100122
010100200
010100212
010101202
010102020
010102122
010102201
010102210
010200001
010200010
010200100
010200112
010200121
010201012
010201020
010201102
010201221
010202011
010202101
010202110
011000122
011000220
011002012
011002102
011002120
011002210
011002221
011100222
011101222
011102002
011102022
011102122
011102202
011102212
011102220
011200020
011200102
011200120
011200122
011200200
011200221
011201022
011201122
011201202
011201220
011201221
011202001
011202010
011202100
011202112
011202121
011202211
012000001
012000010
012000120
012000211
012001000
012001012
012001021
012001102
012001201
012001210
012002011
012002100
012100000
012100012
012100021
012100122
012100201
012100210
012101002
012101020
012101122
012101200
012101212
012101221
012102001
012102021
012102102
012102112
012102120
012102211
012200110
012201010
012201112
012201120
012201121
012201211
020001100
020001121
020002110
020100001
020100121
020101000
020101012
020101021
020101120
020101210
020102010
020102100
020102112
020200011
020201001
020201010
020201211
021000100
021000112
021000121
021000210
021001012
021001102
021001120
021002101
021100000
021100012
021100021
021100102
021100120
021101002
021101020
021101122
021101200
021101212
021102001
021102012
021102100
021102102
021102112
021102121
021102210
021102211
021200101
021200110
021200211
021201001
021201021
021201100
021201112
021201201
021201210
021201211
022000110
022001100
022001112
022100100
022100112
022101001
022101121
022101211
022102011
022102101
022102110
022102111
022200111
022201011
022201101
022201110
022201111
100000000
100000002
100000021
100000122
100000201
100000210
100001020
100001022
100001200
100001212
100001221
100002001
100002010
100002012
100002121
100002211
100100200
100100221
100102002
100102020
100102201
100102212
100200001
100200010
100200100
100200121
100200211
100201002
100201021
100201120
100201200
100201201
100201212
100202011
100202101
100202110
101000202
101002002
101002021
101002120
101002201
101002212
101102022
101102202
101102220
101200021
101200102
101200120
101200200
101200201
101200212
101201022
101201202
101201220
101202001
101202010
101202100
101202112
101202121
101202211
102000001
102000010
102000102
102000121
102000211
102001000
102001012
102001021
102001122
102001201
102001210
102002011
102100021
102100201
102100210
102101200
102101212
102101221
102102001
102102211
102200011
102200101
102201001
102201010
102201121
102201211
110000022
110000221
110002002
110002020
110002122
110002201
110102022
110102202
110102220
110200021
110200122
110200201
110200210
110201022
110201200
110201202
110201220
110201221
110202001
110202010
110202100
110202121
110202211
111102022
111102202
111102220
111200002
111200020
111200022
111200122
111200200
111200202
111200212
111200220
111200221
111201022
111201202
111201220
111202002
111202020
111202200
112000000
112000021
112000122
112000201
112000210
112001022
112001200
112001212
112001221
112002001
112002120
112002211
112100022
112100122
112100200
112100202
112100212
112100221
112101202
112101220
112102002
112102012
112102020
112102021
112102120
112102201
112102210
112102221
112200001
112200010
112200100
112200102
112200121
112200211
112201000
112201012
112201021
112201102
112201120
112201122
112201201
112201210
112201212
112201221
112202011
112202101
112202110
112202121
120000001
120000012
120000121
120000211
120001000
120001021
120001120
120001201
120001210
120002011
120002101
120002112
120100021
120100201
120100210
120101002
120101020
120101200
120101212
120101221
120102001
120102012
120102211
120200011
120200101
120201100
120201121
121000000
121000021
121000102
121000120
121000201
121001002
121001020
121001122
121002001
121002010
121002100
121002121
121002211
121100020
121100200
121100202
121100212
121100221
121101022
121101220
121102002
121102021
121102102
121102201
121102210
121102212
121102221
121200001
121200010
121200100
121200112
121200121
121200201
121200210
121200211
121201012
121201102
121201120
121201122
121201200
121201201
121201212
121202011
121202101
121202110
121202112
121202211
122000010
122000011
122000100
122000112
122001001
122001010
122001102
122001121
122001211
122002110
122100001
122100010
122100012
122100100
122100102
122100112
122100120
122100211
122101000
122101002
122101012
122101021
122101102
122101201
122101210
122101212
122102010
122102011
122102100
122102101
122102110
122102211
122200011
122200101
122200110
122200111
122201001
122201010
122201011
122201100
122201101
122201112
122201121
122201211
200000001
200001010
200001100
200001112
200100010
200100100
200101000
200101012
200101102
200101120
200101210
200102001
200200101
200201001
200201100
200201110
200201121
201000010
201000100
201000112
201000121
201000201
201001012
201001102
201001120
201002101
201002110
201100000
201100012
201100102
201100120
201100210
201100221
201101002
201101122
201101212
201102010
201102100
201102112
201102121
201200101
201200110
201201100
201201112
202000101
202001121
202102011
202102101
202102110
202201011
202201101
202201110
210000010
210000021
210000100
210000112
210001000
210001012
210001102
210001120
210001221
210002011
210100000
210100012
210100102
210100120
210100201
210100210
210101002
210101020
210101122
210101200
210101212
210102010
210102211
210200001
210200110
210201021
210201112
211000000
211000012
211000102
211000120
211000221
211001002
211001122
211001220
211002001
211002010
211002100
211002112
211002121
211100002
211100122
211100212
211100220
211101022
211101202
211102000
211102012
211102021
211102102
211102120
211102122
211102201
211102210
211102212
211102221
211200010
211200021
211200100
211200112
211200120
211200121
211200201
211200211
211201012
211201020
211201021
211201102
211201120
211201122
211201200
211201210
211202011
211202101
211202110
211202121
212001010
212001100
212001112
212002101
212100001
212100010
212100112
212100121
212100211
212101000
212101012
212101021
212101102
212101120
212101122
212101201
212101210
212101221
212102001
212102011
212102100
212102121
212102211
212200101
212200110
212200111
212201001
212201100
212201110
212201112
212201121
220000011
220001001
220001211
220100001
220100211
220102011
220102101
220102110
220201011
220201101
220201110
221000001
221000010
221000110
221000211
221001010
221001100
221001112
221001210
221002011
221100010
221100100
221100112
221100121
221100201
221100210
221101000
221101012
221101102
221101120
221101200
221101201
221101210
221101212
221102001
221102010
221102100
221102101
221102110
221102112
221102121
221102211
221200011
221200101
221200111
221201001
221201010
221201011
221201101
221201110
221201112
222100011
222100101
222100110
222101011
222101101
222101110