000110002
000110020
000110200
000110212
000120000
000120021
000210000
001000002
001000021
001000122
001000201
001000212
001020001
001020102
001020211
001100022
001100202
001120002
001120122
001120201
001120212
001200001
001200012
001210002
001210200
001210212
001220011
001220101
001220110
002000001
002000121
002000211
002010112
002010201
002020101
002100021
002110000
002110012
002110102
002110120
002120001
002120100
002120121
002200011
002210001
002210010
002210100
002210211
010000200
010100202
010100220
010120002
010120020
010120200
010120212
010210002
010210020
010210200
010220011
010220101
010220110
011000202
011020021
011110222
011120022
011120202
011120220
011120221
011200002
011200021
011200212
011210022
011210122
011210202
011210212
011210220
011220001
011220010
011220100
011220112
011220121
011220211
012000021
012000112
012000201
012010102
012020100
012020121
012100102
012110002
012110020
012110122
012110221
012120012
012120021
012120112
012120120
012120201
012120210
012120211
012200001
012200121
012200211
012210010
012210012
012210021
012210120
012210201
012210210
012210211
020000100
020000112
020110000
020110012
020110210
020120010
020120100
020200110
020210001
020210010
020210100
020210121
021000001
021000012
021000102
021000211
021020011
021020100
021020112
021100002
021100122
021100201
021100210
021110122
021110200
021110212
021120000
021120012
021120102
021120120
021120121
021120211
021200011
021210012
021210021
021210100
021210102
021210112
021210120
021210121
021210210
022000101
022100001
022100121
022100211
022110112
022120011
022120101
022120110
022120111
022210011
022210101
022210110
022210111
100000020
100020012
100020021
100100220
100120002
100120020
100120200
100120212
100120221
100210002
100210020
100210200
100220011
100220101
100220110
101000022
101020002
101020122
101020212
101120022
101120202
101120220
101210022
101210202
101210220
101220001
101220010
101220100
101220112
101220211
102000021
102000112
102000120
102010012
102010102
102020121
102100012
102100221
102110002
102110212
102120021
102210112
110000220
110020020
110020200
110020212
110020221
110120022
110120202
110120220
110200020
110200221
110210022
110210202
110210220
110220001
110220010
110220100
110220112
110220121
111120022
111120202
111120220
111210022
111210202
111210220
111220002
111220020
111220122
111220200
111220212
112000012
112000020
112000102
112010002
112010122
112020010
112020021
112020112
112100002
112100220
112110022
112110202
112120012
112120020
112120120
112120122
112120200
112120201
112120210
112120212
112120221
112200112
112200120
112210020
112210021
112210102
112210122
112210200
112210201
112210210
112210212
112210221
112220011
112220101
112220110
112220112
112220121
112220211
120000102
120000120
120010122
120100221
120110002
120110212
120120201
120200112
120210000
120210012
121000002
121000122
121010220
121020012
121020102
121020211
121100022
121100220
121120002
121120020
121120021
121120102
121120200
121120210
121120212
121200012
121210002
121210020
121210021
121210102
121210120
121210122
121210200
121210201
121210212
121220011
121220101
121220110
121220112
121220211
122000001
122000121
122010112
122010120
122020101
122100021
122100201
122110000
122110012
122110020
122110021
122110120
122110200
122110201
122110210
122110212
122120001
122120100
122120101
122120110
122120112
122120211
122210001
122210011
122210101
122210110
122210112
122210121
122210211
122220111
200000010
200000211
200110000
200110021
200110201
200120010
200120100
200120121
200210001
200210010
200210100
200210121
201000001
201000012
201010212
201020011
201100021
201100122
201100201
201110200
201120001
201120120
201120211
201210012
202000011
202010121
202010211
202100001
202100010
202100121
202100211
202120011
202120101
202120110
202210011
202210101
202210110
210000210
210020211
210100021
210100212
210110020
210110221
210120000
210120210
210200121
210210021
211000002
211000021
211000200
211000212
211010202
211010220
211020001
211020121
211020210
211100022
211100202
211100221
211120002
211120012
211120021
211120102
211120122
211120201
211120212
211120221
211200012
211210002
211210012
211210020
211210102
211210120
211210122
211210200
211210201
211220010
211220011
211220101
211220110
211220112
211220121
212000001
212000211
212010201
212100210
212110000
212110021
212110102
212110120
212110122
212110200
212110201
212110210
212110221
212120001
212120010
212120100
212120112
212120121
212120211
212200011
212210001
212210010
212210011
212210101
212210110
212210112
212210121
212220111
220000110
220010100
220010112
220010121
220010211
220100010
220100100
220100112
220100121
220120011
220120101
220120110
220210011
220210101
220210110
221020110
221100102
221100120
221100211
221110002
221110012
221110102
221110120
221110201
221110210
221110212
221120010
221120011
221120100
221120112
221120211
221200110
221210100
221210101
221210110
221210112
222110011
222110101
222110110