000000012
000000021
000002011
000020011
000102010
000120001
000120010
000122011
000200011
000211000
000221011
001002012
001002021
001010002
001010020
001011022
001012000
001012012
001012021
001020000
001020012
001020021
001102000
001110022
001112002
001112020
001120020
001122021
001200021
001210000
001210012
001210021
001211002
001211020
001212010
001220010
001221000
001221012
002000011
002001012
002001021
002010000
002010012
002010021
002011020
002021011
002112000
002112021
002120011
002121010
002201011
002211000
010002000
010002012
010002021
010011022
010020012
010020021
010022010
010101022
010102002
010110022
010122001
010122012
010200012
010200021
010201002
010211020
010221010
010221012
011001022
011002002
011010022
011012002
011012020
011022000
011022012
011022021
011100022
011112022
011121022
011122002
011122020
011201020
011202012
011202021
011210002
011210020
011211022
011212000
011212002
011212012
011212021
011220012
011220021
011221002
011221020
011221021
011222001
011222010
011222011
012010020
012012000
012020011
012021001
012021010
012112002
012112020
012120001
012121000
012121012
012121021
012122011
012200011
012201001
012201021
012210000
012211002
012211012
012211020
012212001
012212010
012212011
012221011
020000011
020001000
020001012
020001021
020010021
020011020
020100010
020100021
020102011
020112021
020120011
020211021
021000010
021002011
021010000
021010012
021011002
021011020
021012010
021021000
021102010
021110002
021110020
021112000
021112012
021112021
021121002
021121020
021122011
021210010
021211000
021211012
021211021
021221001
021221010
021221011
022010010
022011000
022011012
022011021
022101012
022101021
022110012
022110021
022111000
022111002
022111012
022111020
022111021
022112001
022112010
022121001
022121011
022211001
022211010
100001002
100002021
100011022
100020010
100021012
100100002
100100020
100101022
100102000
100110022
100120000
100120012
100121002
100122001
100122010
100200000
100200012
100200021
100201020
100202010
100212000
100212012
100221000
100221012
100221021
101001022
101002012
101010022
101012002
101022012
101022021
101100022
101102002
101112022
101200020
101202012
101202021
101210002
101210020
101211022
101212012
101220000
101220012
101220021
101221020
102010002
102012000
102020011
102021001
102021010
102100000
102101002
102101020
102120001
102120010
102121000
102121012
102122011
102201012
102210000
102210012
102211002
102212010
102221011
110001022
110010022
110022012
110022021
110100022
110120020
110121022
110200002
110202000
110202012
110202021
110211022
110212002
110212020
110220012
110220021
111122002
111122020
111212002
111212020
111221002
111221020
111221022
112001002
112001020
112011022
112020001
112021000
112021012
112021021
112100020
112101022
112112002
112120000
112120021
112121002
112121020
112121022
112122001
112122010
112122021
112200000
112200012
112200021
112201002
112201020
112202010
112210002
112211022
112212000
112212001
112212010
112212021
112221001
112221010
112221012
112221021
120020011
120021010
120100000
120100012
120102010
120120010
120121012
120201000
120201021
120212010
120221001
121000012
121002021
121010002
121011022
121012012
121022001
121100002
121102000
121102012
121110022
121112002
121120012
121121020
121122010
121122012
121200000
121200021
121201020
121202001
121210000
121210012
121211002
121211020
121211022
121212000
121212001
121212010
121212012
121220001
121220010
121221000
121221001
121221012
122001012
122010012
122011002
122011020
122012010
122021011
122111002
122111020
122112001
122120011
122121001
122121010
122121012
122210010
122211000
122211001
122211012
122211021
122221011
200000011
200001012
200001021
200010012
200021011
200100000
200100012
200100021
200101020
200102011
200110002
200112012
200120011
200121000
200121021
200201011
200210011
200211001
200211010
201002011
201010000
201010012
201010021
201011002
201011020
201012001
201012010
201021000
201102001
201110020
201112000
201112021
201120000
201120021
201121020
201122011
201200011
201201010
201210001
201210010
201211000
201211012
201212011
202010001
202011012
202011021
202101012
202101021
202110000
202110012
202110021
202112001
202112010
210000001
210001020
210010021
210011002
210020011
210021021
210102000
210102012
210112002
210120021
210121020
210122011
210200011
210201001
210201010
210210001
210211000
210211021
210221011
211002012
211010002
211010020
211011022
211012000
211012021
211022010
211110022
211112002
211112020
211112022
211120020
211121002
211121022
211122000
211122001
211122012
211122021
211200001
211201000
211210000
211210021
211211002
211211020
211211022
211212001
211212021
211221010
211221012
211221021
212000011
212001001
212001021
212010021
212012001
212021011
212100000
212100012
212100021
212102010
212110002
212111002
212111020
212111022
212112000
212112010
212112021
212120011
212121001
212121010
212121012
212121021
212122011
212201011
212211001
212211012
212211021
212221011
220001010
220011012
220011021
220101000
220101012
220101021
220110012
220110021
220121001
220121010
221000011
221001000
221010001
221010010
221021010
221100000
221100001
221100012
221100021
221101002
221101020
221102011
221110000
221110021
221111002
221111020
221112001
221112010
221112012
221112021
221120001
221121000
221121001
221121012
221122011
221210011
221211010
221211012