000000102
000000201
000002101
000020101
000102201
000122101
000200101
000201102
000221101
001002102
001002201
001011202
001020201
001101202
001110202
001120200
001122201
001200000
001200102
001200201
001201002
001220100
001221102
002000101
002001102
002001201
002021101
002100000
002100102
002100201
002201101
010002102
010002201
010010002
010010200
010011202
010012000
010020000
010020102
010020201
010022001
010110202
010112200
010122000
010122102
010122201
010200102
010200201
010210000
010211002
010220100
010221000
010221102
010221201
011010202
011012200
011020200
011022102
011022201
011100202
011112202
011121202
011122200
011202102
011202201
011211202
011212102
011220000
011220102
011220201
011221200
011221201
011222100
011222101
012000102
012010000
012011002
012020101
012021102
012100002
012102000
012112102
012112201
012120000
012120102
012121002
012121200
012121201
012122100
012122101
012200101
012201100
012201201
012210100
012211000
012211102
012221101
020000101
020001102
020001201
020010000
020010102
020010201
020011200
020021101
020100102
020100201
020102101
020110002
020112000
020112102
020120101
020121100
020201101
020211000
020211201
021010200
021020101
021021100
021102201
021112102
021112200
021120001
021120100
021121000
021121102
021122101
021201000
021210000
021210201
021211102
021211200
021211201
021212001
021212100
021212101
022010100
022011102
022011201
022101102
022101201
022110000
022110102
022110201
022111102
022111200
022111201
022112100
022121101
022211100
100002000
100002102
100002201
100011202
100020102
100020201
100021002
100022001
100101202
100102200
100110202
100122201
100200102
100200201
100211002
100221102
101001202
101002200
101010202
101022102
101022201
101100202
101112202
101121202
101200002
101202000
101202102
101202201
101211202
101212002
101212200
101220102
101220201
101221002
102020101
102102000
102122001
102212100
102221101
110001202
110010202
110020002
110022000
110022102
110022201
110122002
110202102
110202201
110210002
110211202
110220102
110220201
110221002
111122200
111122202
111212200
111221200
111221202
112002000
112002201
112011202
112020000
112020102
112021002
112022001
112022100
112102200
112120002
112121200
112121202
112122000
112122100
112122201
112200201
112202001
112202100
112211002
112211200
112211202
112220001
112221100
112221102
112221201
120010002
120012000
120012102
120020101
120021001
120021100
120112002
120120001
120121000
120201001
120201102
120210102
120211002
120212100
120221101
121011202
121020001
121020100
121021000
121021102
121101202
121102200
121110202
121112202
121120000
121120201
121121002
121121200
121121202
121122001
121122102
121122201
121200102
121201002
121211200
121211202
121212100
121212102
121212201
121221100
121221102
121221201
122000101
122010000
122010102
122012100
122021101
122102001
122110002
122111200
122111202
122112000
122112100
122112201
122121102
122121201
122210100
122211102
122211201
122221101
200000101
200001000
200001102
200001201
200010102
200021101
200100102
200100201
200102101
200120101
201020101
201110002
201122101
201201000
201212001
201221100
202001001
202011102
202011201
202100100
202101000
202101102
202101201
202110102
202110201
202112100
202121001
202121100
202211001
210000201
210001200
210002101
210010000
210012001
210020101
210021000
210021201
210102001
210102102
210110200
210112000
210112201
210120201
210121200
210122101
210221001
211002102
211002201
211020000
211020201
211021200
211022001
211022100
211102002
211110202
211112200
211112202
211120200
211121202
211122102
211122201
211200000
211200102
211201002
211202001
211202100
211211200
211212100
211220001
211220100
211221000
211221102
212000101
212001201
212010001
212010100
212021101
212100102
212100201
212101002
212101200
212102101
212111200
212112001
212112201
212120101
212121000
212121102
212121201
212122101
212201101
212211100
212211102
212221101
220010001
220011000
220011102
220011201
220101102
220101201
220110102
220110201
220112001
220211001
221000101
221010000
221010201
221011200
221012001
221111200
221111202
221112100
221112102
221112201
221120101
221121100
221121102
221121201
221122101
221201100
221210001
221211000
221211100
221211102