000000120
000000210
000002110
000010000
000020110
000021010
000021100
000112000
000121000
000122110
000200110
000201010
000221110
001001020
001001200
001002000
001002120
001002210
001011220
001020010
001020100
001021000
001021021
001021210
001100200
001101220
001102020
001110220
001112200
001120210
001121200
001121221
001122000
001122120
001122210
001200120
001201000
001202010
001212000
001212210
001221010
001221100
001221121
002000110
002001000
002001120
002001210
002010100
002010210
002011200
002012110
002012112
002021110
002100120
002100210
002101020
002102110
002112010
002112012
002112100
002120110
002121000
002121120
002201110
002211210
010002120
010002210
010010020
010011220
010012012
010020120
010020210
010022110
010101220
010102200
010110220
010112020
010112212
010121020
010122210
010200000
010200120
010200210
010201200
010212000
010212112
010221100
010221120
010221210
011001220
011002200
011010220
011021020
011021200
011022120
011022210
011100220
011112220
011112222
011121220
011121222
011122122
011202000
011202120
011202210
011211222
011212020
011212122
011212200
011212210
011212212
011212221
011220120
011220210
011221221
011222112
011222121
011222211
012000100
012001200
012002110
012010120
012012100
012020110
012021100
012021120
012022111
012100020
012102010
012102012
012102100
012110200
012110212
012111022
012111202
012112000
012112120
012112122
012120010
012121020
012122110
012122112
012201000
012201210
012202111
012210112
012211200
012211210
012212211
012220111
012221110
020000110
020001010
020001120
020010120
020021110
020021121
020100000
020100120
020100210
020112120
020121000
020121021
020201110
020211120
021001000
021001210
021002100
021020110
021021010
021022111
021101221
021102000
021102120
021111022
021111202
021112122
021120010
021120021
021121122
021121201
021121210
021122010
021122100
021122121
021201010
021201121
021202111
021211221
021212010
021212121
021220111
021221101
022011120
022011210
022100010
022101000
022101120
022101210
022110120
022110210
022111120
022111122
022111210
022111221
022112112
022112121
022121010
022121100
022121121
022122111
022212111
100002120
100010020
100010200
100011220
100012000
100012120
100012210
100020000
100020120
100020210
100021020
100022010
100101220
100110220
100112020
100112200
100120120
100121122
100122000
100122121
100122210
100200120
100200210
100201000
100210000
100210120
100210210
100211020
100211200
100212010
100212100
100220100
100221120
101001220
101001222
101002020
101010220
101010222
101012020
101012200
101020020
101021221
101022000
101022120
101022210
101100220
101100222
101112220
101112222
101120122
101121222
101122020
101122120
101122122
101122200
101200210
101201200
101202120
101202210
101210200
101211220
101211222
101212000
101212122
101212210
101212212
101212221
101220120
101220210
101221021
101221221
101222001
101222010
101222100
101222112
101222121
101222211
102002110
102010000
102010120
102010210
102011020
102011200
102012010
102012012
102012100
102020110
102021000
102021120
102102010
102110020
102110200
102112000
102112210
102112212
102120000
102120121
102121020
102121120
102200110
102201100
102210010
102210100
102211000
102211120
102212110
102212112
102212211
102221110
110001220
110001222
110010220
110010222
110012020
110012200
110012212
110022120
110022210
110100220
110100222
110102020
110102122
110112220
110112222
110121222
110122102
110122122
110122200
110200200
110202120
110202210
110210020
110210200
110211220
110211222
110212000
110212012
110212120
110212122
110212212
110212221
110220000
110220120
110220210
110221020
110221200
110221221
110222001
110222010
110222100
110222112
110222121
110222211
111022000
111022012
111022021
111022102
111022120
111022122
111022201
111022210
111122022
111122212
111122220
111122221
111202000
111202012
111202021
111202102
111202120
111202122
111202201
111202210
111202212
111202221
111212022
111212202
111212220
111220000
111220012
111220021
111220102
111220120
111220201
111220210
111220221
111221122
111221212
111221220
112002010
112002100
112002102
112010020
112010200
112011220
112011222
112012000
112012120
112012122
112020120
112021020
112022112
112101222
112102000
112102212
112110220
112110222
112112020
112112022
112112200
112112202
112112220
112112221
112120102
112121122
112121212
112121220
112121221
112122012
112122120
112122121
112122210
112122211
112200210
112201200
112202112
112202211
112210000
112210012
112210120
112211020
112211122
112211212
112211220
112211221
112212100
112212102
112212120
112212121
112212201
112212210
112220010
112220100
112221000
112221112
112221120
112221121
112221210
112221211
112222011
112222101
112222110
120000010
120010000
120010210
120011020
120011200
120012010
120021021
120102112
120110020
120110200
120112000
120112102
120112122
120112210
120120000
120120210
120121200
120121221
120122010
120200110
120201010
120210010
120211000
120211210
120211221
120212121
120221110
120221121
121000210
121001200
121002000
121002120
121010020
121010200
121011220
121011222
121012000
121012122
121012210
121020000
121020120
121021122
121021210
121022010
121022100
121022121
121100122
121101222
121102020
121102120
121102122
121110220
121110222
121112020
121112022
121112200
121112212
121112220
121112221
121120221
121121022
121121212
121121220
121122000
121122021
121122100
121122112
121122210
121122211
121200120
121201000
121201021
121201210
121201221
121202010
121202100
121202121
121210210
121210221
121211122
121211212
121211220
121212021
121212112
121212120
121212210
121212211
121220100
121220121
121221010
121221112
121221120
121221210
121221211
121222011
121222101
121222110
122000110
122001000
122001100
122001120
122010010
122010100
122011000
122011120
122011122
122011221
122012110
122012112
122012121
122021100
122021121
122022111
122100000
122100121
122100210
122101020
122101120
122101122
122101200
122101221
122102121
122110102
122110122
122110221
122111022
122111212
122111220
122112010
122112012
122112021
122112120
122112210
122112211
122120010
122121000
122121021
122121100
122121112
122121210
122121211
122122011
122122101
122122110
122201110
122202111
122211010
122211100
122211112
122211120
122211121
122211210
122211211
122212011
122212101
122212110
122221110
122221111
200000110
200010000
200010120
200010210
200021110
200100120
200100210
200102110
200110020
200110200
200112000
200112210
200120110
200121010
200210211
200211000
200211120
200211210
201001000
201010200
201012000
201012210
201020110
201021010
201021100
201021121
201101020
201101200
201102210
201112200
201120010
201120100
201121000
201121021
201121210
201122110
201210000
201210210
201211212
201212010
201212112
201212211
201221110
202000111
202010010
202010100
202011000
202011120
202011210
202012111
202021111
202101120
202101210
202102111
202110120
202110210
202111000
202111012
202111021
202111102
202111120
202111201
202111210
202111212
202112112
202120111
202201111
202210111
202211010
202211100
202211211
202212111
210002110
210010020
210012000
210012112
210012120
210020110
210021010
210021100
210102100
210102120
210112012
210112020
210120010
210120100
210121000
210121120
210122110
210201100
210201120
210201201
210210000
210210120
210211020
210211221
210212100
210212112
210221110
210221211
211001020
211001221
211002000
211002210
211010212
211011222
211012200
211012210
211020100
211021000
211021120
211021201
211100020
211100200
211101220
211101222
211102020
211102200
211110220
211110222
211112122
211112212
211112220
211112221
211120000
211120120
211120210
211121020
211121122
211121200
211121212
211121220
211121221
211122010
211122100
211122112
211122120
211122121
211122210
211122211
211200210
211201212
211202010
211202112
211202211
211210221
211211122
211211202
211211220
211212000
211212010
211212012
211212102
211212120
211212121
211212201
211220211
211221001
211221100
211221112
211221120
211221121
211221210
211222011
211222101
211222110
212000110
212001000
212001120
212001210
212010000
212010120
212010211
212011020
212011200
212011210
212011212
212021110
212100100
212100120
212101020
212101212
212102110
212102112
212110012
212110020
212110212
212111122
212111202
212111220
212111221
212112100
212112102
212112120
212112121
212112210
212112211
212120110
212121100
212121112
212121120
212121121
212121210
212121211
212122110
212122111
212201010
212201211
212202111
212210100
212211000
212211010
212211112
212211120
212211121
212211201
212212011
212212101
212212110
212221110
212221111
220000111
220010010
220011120
220011210
220012111
220021111
220101120
220101210
220102111
220110000
220110120
220110210
220111000
220111012
220111021
220111102
220111120
220111122
220111201
220111210
220111221
220112010
220112100
220120111
220121121
220201111
220210111
220211010
220211100
220211121
220211211
220212111
220221111
221001211
221010210
221011122
221011201
221011221
221012010
221021110
221101021
221101122
221101221
221110020
221110122
221110200
221110221
221111022
221111212
221111220
221112000
221112112
221112120
221112121
221112210
221112211
221120110
221120121
221121010
221121112
221121120
221121210
221121211
221122110
221122111
221201121
221202111
221210010
221210121
221210211
221211001
221211021
221211112
221211120
221211210
221212011
221212101
221212110
221220111
221221011
221221101
221221110
222011001
222011010
222011100
222011112
222011121
222011211
222101001
222101010
222101100
222101112
222101121
222101211
222110001
222110010
222110100
222110112
222110121
222110211
222112011
222112101
222112110
222121011
222121101
222121110
222211011
222211101
222211110